0 0.08081974772166822 [0.0, 0.0, 0.0, 0.0, 0.0, 0.0, 1.0]
1 0.08499088257302369 [0.01, 0.0, 0.0, 0.0, 0.0, 0.0, 1.0]
2 0.08338866144993005 [0.0, 0.01, 0.0, 0.0, 0.0, 0.0, 1.0]
3 0.08129039161182466 [0.0, 0.0, 0.01, 0.0, 0.0, 0.0, 1.0]
4 0.0817380651652905 [0.0, 0.0, 0.0, 1.0, 0.0, 0.0, 1.0]
5 0.08079507715421086 [0.0, 0.0, 0.0, 0.0, 1.0, 0.0, 1.0]
6 0.08138621090322166 [0.0, 0.0, 0.0, 0.0, 0.0, 1.0, 1.0]
7 0.08114565563698141 [0.0, 0.0, 0.0, 0.0, 0.0, 0.0, 1.001]
8 0.08229155389555104 [-0.01, 0.002857142857142857, 0.002857142857142857, 0.2857142857142857, 0.2857142857142857, 0.2857142857142857, 1.0002857142857142]
9 0.08182564153007853 [-0.002857142857142857, -0.009183673469387756, 0.003673469387755102, 0.36734693877551017, 0.36734693877551017, 0.36734693877551017, 1.0003673469387757]
10 0.08508242847805658 [0.009183673469387756, -0.005481049562682216, 0.001049562682215744, 0.10495626822157439, 0.10495626822157439, 0.10495626822157439, 1.0001049562682216]
11 0.08094305574471489 [-0.005204081632653061, 0.0007725947521865889, 0.002405247813411079, 0.2405247813411079, 0.2405247813411079, 0.2405247813411079, 1.000240524781341]
12 0.08079382426737101 [0.0, 0.0, 0.0, 0.0, 0.5, 0.0, 1.0]
13 0.08097283825283567 [0.0, 0.0, 0.0, 0.0, 0.5, 0.0, 1.0005]
14 0.08069580628643935 [0.0, 0.0, 0.005, 0.0, 0.5, 0.0, 1.0]
15 0.08108322157812926 [0.0, 0.0, 0.0, 0.0, 0.5, 0.5, 1.0]
16 0.08122915416433099 [0.0, 0.0, 0.0, 0.5, 0.5, 0.0, 1.0]
17 0.08105587282451761 [-0.0014285714285714286, -0.004591836734693878, 0.001836734693877551, 0.18367346938775508, 0.6836734693877551, 0.18367346938775508, 1.0001836734693879]
18 0.08105794056140635 [-0.005, 0.0014285714285714286, 0.0014285714285714286, 0.14285714285714285, 0.6428571428571428, 0.14285714285714285, 1.000142857142857]
19 0.08063095209567951 [-0.001836734693877551, -0.000903790087463557, 0.0023615160349854227, -0.40670553935860054, 0.7361516034985421, 0.23615160349854225, 1.0002361516034983]
20 0.08080829898407879 [-0.0027551020408163266, -0.0013556851311953355, 0.003542274052478134, -0.8600583090379008, 0.8542274052478132, 0.3542274052478134, 1.0003542274052477]
21 0.08066788228355627 [-0.0023615160349854227, -0.001162015826738859, 0.0030362349021241146, -0.022907122032486463, 0.8036234902124114, -0.3392336526447314, 1.0003036234902123]
22 0.08159227175727576 [0.003392336526447314, -0.0033307550425417986, 0.0020669958945677388, -0.21312548342952345, 0.7066995894567739, -0.119831022788124, 1.0002066995894567]
23 0.08069148419833361 [-0.002901915868388172, 0.00023873981079312184, 0.0015881775450705062, 0.05386148628547629, 0.6588177545070507, 0.07718510144582615, 1.000158817754507]
24 0.08062468087059135 [-0.002099125364431487, -0.001032902957101208, 0.0026988754685547687, -0.21480633069554353, 0.7698875468554769, -0.051541024573094556, 1.0002698875468554]
25 0.08066208301393496 [-0.0009183673469387755, -0.0004518950437317785, 0.0036807580174927114, -0.20335276967930027, 0.6180758017492711, 0.11807580174927113, 1.0001180758017492]
26 0.08063332051128871 [-0.0009183673469387755, -0.0004518950437317785, 0.0011807580174927113, -0.20335276967930027, 0.6180758017492711, 0.11807580174927113, 1.0001180758017492]
27 0.08067110415982844 [-0.0009183673469387755, -0.0004518950437317785, 0.0011807580174927113, -0.20335276967930027, 0.868075801749271, 0.11807580174927113, 1.0001180758017492]
28 0.08071851065607838 [-0.0009183673469387755, -0.0004518950437317785, 0.0011807580174927113, -0.20335276967930027, 0.6180758017492711, 0.11807580174927113, 1.0003680758017492]
29 0.08081828252255309 [-0.0016326530612244899, -0.0027478134110787175, 0.002099125364431487, -0.11151603498542274, 0.7099125364431486, 0.2099125364431487, 1.0002099125364432]
30 0.08070072220282071 [-0.0034183673469387757, 0.00026239067055393577, 0.0018950437317784255, -0.13192419825072887, 0.6895043731778425, 0.18950437317784255, 1.0001895043731779]
31 0.08063732612893448 [-0.0015181174510620573, 0.0017529898256678767, 0.0019518652942226442, -0.33615457844945557, 0.6951865294222644, 0.03192122329981552, 1.000195186529422]
32 0.08063743071622768 [-0.0024037603379544236, 8.70385638636963e-05, 0.003090549005941401, -0.28226121768990814, 0.8090549005941402, 0.09914236415099145, 0.9999876263291654]
33 0.08065274064365896 [0.00038612737889824784, -0.0006773477523335151, 0.0027178362271308236, -0.39664322324395934, 0.7717836227130824, 0.001896075857605456, 1.00010851831659]
34 0.08062550430851385 [-0.001741159842291174, -2.7477097648296873e-05, 0.003871287144170284, -0.38044049569100485, 0.565700142988457, 0.040130439888558134, 1.0001772161779736]
35 0.08051688423060233 [-0.0019762434123918593, 9.378517266126922e-05, 0.0014257240375067327, -0.43103698883720615, 0.8007356690567957, 0.017860336499782976, 1.0001941134283234]
36 0.08048792228566248 [-0.0025051814451184013, 0.00036662528085779306, 0.00029820704751374336, -0.5448790984161591, 0.892065602710558, -0.0322473961249611, 1.0002321322416106]
37 0.08070829568395887 [-0.0041068263736622115, 0.0006175158907462368, 0.001697323205120884, -0.2800996424646041, 0.6813941280922632, 0.12428478468214392, 1.0002389891777743]
38 0.08056803936383958 [-0.0007371110592418669, -0.0003536318415635771, 0.0024627079716283387, -0.3675073280491205, 0.7491862490578776, 0.03249325306374007, 1.0001411360318861]
39 0.08053077034641683 [-0.002302153404774944, -0.0003331388381217075, 0.001498541258034256, -0.37984271455585134, 0.8309765747830175, -0.04189421034902783, 1.000251009894233]
40 0.08052072629109501 [-0.0021231706437047876, 0.0001695740916047481, 0.0020847470958420137, -0.46265979705358196, 0.7288828728495076, 0.003941521881798516, 1.000204674209792]
41 0.08051989100325205 [-0.002170958069497976, -0.000268582403302882, 0.001329861541249583, -0.47579231888737983, 0.8141086031045501, 0.10195210368679058, 1.0002341419225544]
42 0.08052904493904207 [-0.0017117743960285885, -4.263488143699273e-05, 0.0007394825325032274, -0.3741159340477297, 0.7550707022299146, 0.042914202812155015, 1.00017510402168]
43 0.08055015154949424 [-0.0020116494480902293, 0.001059807553262835, 0.0011250361708681938, -0.44051683843280737, 0.7936260660664113, -0.0001630864125727919, 1.0002136593855162]
44 0.0805345407417155 [-0.0024544708915364127, 0.00022683192236074468, 0.0016943780267275723, -0.4135701580530336, 0.8505602516523492, 0.03344748401301518, 1.000109879285388]
45 0.08048818350532089 [-0.0010595270331100767, -0.000155361235737861, 0.0015080216373222835, -0.47076116083005926, 0.8319246127118202, -0.015175660133677823, 1.0001703252791003]
46 0.08051332410898011 [-0.002081846518701539, -0.0010702892857703086, 0.0014901750117582858, -0.4513749278082769, 0.835970853945508, 0.026716813780027805, 1.0001798454300146]
47 0.08050041423825723 [-0.0015325609687311054, -0.0006079197143342334, 0.0008624894373362542, -0.489122970975263, 0.7748682690147581, -0.008816805283556557, 1.000303615857179]
48 0.08047160839771629 [-0.0014649949023371914, -0.00012645777562678872, 0.0008765971144015703, -0.5540733448779915, 0.7784210013788732, 0.07597557624004966, 1.0001775155234616]
49 0.08048975925765497 [-0.001046415651118315, -2.3117244379329343e-05, 0.0005656250425852274, -0.6411886600390616, 0.752143214676801, 0.1349104695345884, 1.000140768338076]
50 0.0804886621460733 [-0.0019848654843145764, -0.00044091113065144517, 0.0016748314347606965, -0.6112165284804736, 0.8609983879745351, 0.0006132697725510074, 1.0002541103965235]
51 0.08051601995547715 [-0.0015339534768126022, -0.0008275444529092412, 0.00021244811111296264, -0.5651174458823047, 0.9249335073906647, 0.03863502152883679, 1.000238664833192]
52 0.08044168630837836 [-0.001304164738823593, -0.0005490914007462851, 0.000648072685666359, -0.5775063889041996, 0.8713720355030835, -0.0774661551784278, 1.0002104893806116]
53 0.08043907146289765 [-0.0008707680734864015, -0.0006893458994679867, 0.0003071782578747469, -0.6283634239126095, 0.9000037517023503, -0.16717528461103698, 1.0001986631096402]
54 0.08047292090779028 [-0.001751687787701481, 4.9355949843289584e-05, 0.0017925518720206318, -0.5062515413465045, 0.7534243438774504, -0.0729520176318665, 1.0001945374061019]
55 0.08049584658031718 [-0.001109463679812528, 0.0006119994214510993, 0.0006012183600216934, -0.6356730918600262, 0.8188022801603052, -0.08951061885788447, 1.0002575545167331]
56 0.08042150867215252 [-0.0015378642900919395, 0.0004981781745251192, 0.0011542550552109932, -0.6397965118029725, 0.8924574397040682, -0.07703237510125092, 1.0001206237065845]
57 0.08041456045250978 [-0.0015405159507723566, 0.0010512271189547955, 0.0013001378641483627, -0.7151332822168273, 0.9512520250487233, -0.11114016001009812, 1.0000291276312874]
58 0.08047045137477651 [-0.002084119370713325, -0.0005962473334020146, 0.0016152174194188878, -0.515949302448724, 0.886366212812355, -0.0025184304275554874, 1.0001014202226173]
59 0.08046545412575118 [-0.0012370758194680614, 0.00041228144648608147, 0.00052457176886794, -0.5131866583906335, 0.8514180549517879, -0.09353709054373568, 1.0000612385788537]
60 0.08039849990164563 [-0.0022131424953462705, 0.0002889151750650523, 0.0004103958896051116, -0.6657635967726406, 0.8860613851402078, -0.10013714075466625, 1.0001138560676346]
61 0.0803651217310149 [-0.0027899502264643675, 0.0005110533804665089, -0.00013841698425347433, -0.7632648147439313, 0.9131297713544018, -0.14261788106516046, 1.0000856214619016]
62 0.08037100725069789 [-0.0008488505922939369, -0.00019180617021382582, 0.0014954607560515897, -0.6540415781373327, 0.831938729039711, -0.11459982903201131, 1.0000101888823505]
63 0.08038818138116582 [-0.0013443907653087027, 5.655969792721611e-05, -8.376724444645375e-05, -0.7348948600043669, 0.99301266934775, -0.08579458221086159, 0.999995112711073]
64 0.08029553838590506 [-0.0015966253258077093, 0.0002846641301270101, 0.0005577976963588866, -0.7387363465089872, 1.0293279169802922, -0.28094222135446667, 0.9999600195044595]
65 0.08024144963955497 [-0.0016624405375429683, 0.0004902250830039095, 0.0003983979873375448, -0.8310678473244851, 1.1547813747810016, -0.4594011201517249, 0.9998512714949583]
66 0.08027871425561109 [-0.0008570211908114737, 0.0010648743783039285, -0.0005284853035388147, -0.8668942589027578, 0.9980727518235666, -0.3329861260366242, 0.9999646437402582]
67 0.08020500641713366 [-0.0015954777052977123, 0.00024280072179236025, 0.0002612868977530604, -0.9707162173928838, 1.0749222516474994, -0.3103814760612694, 0.9999772268587094]
68 0.08013978934355702 [-0.0017746786482125377, 0.00015806035944549964, 0.00012964446219562058, -1.199480996894009, 1.1866743499953551, -0.4188036688200363, 0.9999352209986373]
69 0.08024869972600733 [-0.0022200456154868394, 0.0015865441417217104, 0.0004279564671236459, -1.018715901294165, 1.1082424401235098, -0.3086371060536822, 0.9997645331533503]
70 0.08013450756824664 [-0.0017444490709764514, -1.0811559105249405e-06, -0.0008141978240141746, -1.0186839341549005, 1.1018485710842183, -0.42109992952421654, 0.9998584702094353]
71 0.08000407294344027 [-0.0018464156310784988, -0.0005272352933431852, -0.0018713656680954432, -1.1704592601239372, 1.177146844101966, -0.5760798142812759, 0.9997731414985094]
72 0.08012608805549085 [-0.0020840099323743318, 0.0008267876961826542, 5.89648778237877e-05, -1.1233693278300954, 1.1126976910006818, -0.5865270022007142, 0.9998290647832029]
73 0.08014916320544102 [-0.002932452773983496, 0.001366180383294119, -0.0019306905164536278, -1.3383162524664904, 1.353988477583284, -0.6925580905706225, 0.999762238869312]
74 0.07992881776024627 [-0.0010320681533899597, 0.0009076428334216729, -0.0008088909282057504, -1.3933934266377657, 1.398757065619703, -0.8216658126818911, 0.9995944112633068]
75 0.07971394557790662 [-0.00015312711685275585, 0.001105937559899255, -0.0011441279001818884, -1.7084577325846833, 1.6415707127523536, -1.1611897784902565, 0.9993488061640095]
76 0.07995731580247982 [-0.0027638845964832195, 0.000365554173182918, -0.0005947204936755741, -1.5302106892452032, 1.4976706454159052, -0.8679271826971792, 0.9995394353917362]
77 0.07977325713156319 [-0.0015562427378068202, -0.0005049698669602331, -0.0018433556817092406, -1.524530414839807, 1.498766158628075, -1.0520733674354064, 0.999675232332468]
78 0.07966133135347948 [-0.002083505587254649, 0.00030700777748209843, -0.002454298250222221, -1.9103106309567217, 1.5505085907840324, -1.070644281132701, 0.9995381970872916]
79 0.07942574857896814 [-0.0022940381121104893, 0.00021539912472119292, -0.0038806463690021042, -2.44993202277284, 1.7483721987855478, -1.3762658616231893, 0.9993816598834583]
80 0.0797055542788095 [-0.000631089161707548, -0.0008977421681146614, -0.0006823399900163273, -1.7206667316165318, 1.463982551182397, -1.032832388157394, 0.999518492859837]
81 0.07945720421432315 [-0.0014621234341913663, 8.719990716769089e-06, -0.0029746705264404177, -2.008412197109733, 1.7105275933951953, -1.4820235868615108, 0.9992264455479976]
82 0.07932612239396467 [-0.0009751102934058677, -0.0008937409761534956, -0.003770743914715501, -2.3373932573964007, 1.9553127959311578, -1.5701564205267748, 0.9991604248390871]
83 0.07913577252399291 [-0.00042066047392163566, -0.0017540053123215704, -0.005685598310985145, -2.9444052221795536, 2.3766203483963957, -2.0619711296898053, 0.9988261048670293]
84 0.07916335172753614 [-0.0008053459783711684, 0.00010977629366423379, -0.002930194123907612, -2.7971450285470203, 2.233570358342568, -2.005143984277222, 0.9989457662290722]
85 0.07929891036916688 [0.0006717054493512813, -0.0008560925670100649, -0.0048741174783937784, -2.7993748392262736, 2.1233036178648184, -2.0382157020270455, 0.9990098525750846]
86 0.07894580087647964 [0.00010062021557719655, -8.588929830972297e-05, -0.00449141423226998, -3.1692963777420897, 2.3006473787202903, -2.1358244700292865, 0.9986839471322432]
87 0.07864101115505805 [0.0009290516922692049, 0.00012365098601553208, -0.00581544350755035, -3.9916793591932316, 2.701587988766398, -2.6777000213262263, 0.9981883045321307]
88 0.07876702013132879 [-0.0009933014599134502, -0.0019774500319931316, -0.006525303615902606, -3.6377180961710835, 2.460704903457166, -2.459996699784713, 0.9986788014058791]
89 0.078823675753222 [-0.0006188286431174875, -0.0002822582650873498, -0.008656509704892821, -4.1732380584405355, 2.9230708799627707, -2.996115322011095, 0.9982692028660637]
90 0.07853898604707785 [0.000453146998244582, -0.0012718570684342428, -0.0079875617908837, -4.504014267613279, 3.0229667767692807, -2.9795217619211454, 0.9982877522687786]
91 0.07818755654868198 [0.0014107822144625562, -0.0019121455980097488, -0.01049400742310534, -5.751815302865051, 3.6791863684563233, -3.7282708494509627, 0.9978184056291692]
92 0.0783046674985231 [0.0023435817694702895, -0.0020864061232189358, -0.008971117678065797, -5.005889664833661, 3.536783362713435, -3.7572809122531163, 0.9976858938606638]
93 0.07803394124380883 [-0.00014448284338605016, -0.0013664325904044982, -0.009148218054294699, -5.286879655696623, 3.565703299305198, -3.5864925604852798, 0.9976794272506317]
94 0.0775402612207614 [-0.0005525769897547158, -0.0016216026021017148, -0.011285268342245159, -6.530632063931798, 4.286903140025387, -4.360630989714396, 0.9970142145884054]
95 0.07810584579758094 [0.0014047882953696718, -0.0028269811355833537, -0.013479305471163024, -6.355820047914384, 4.042103067879683, -4.292560565502868, 0.9971916416993111]
96 0.07749556443335648 [0.0015416595821462268, -0.0012697640505294873, -0.012950674758422029, -7.183249804491802, 4.374905283392509, -4.8730446874654465, 0.9968443135848627]
97 0.07682465441400373 [0.002522819610180158, -0.0010276434196334458, -0.016583212982140473, -9.302672095647926, 5.374047750890565, -6.278581466353267, 0.9958534179437795]
98 0.0773422761002361 [0.0026374415379985493, -0.0029544782847768787, -0.01224453572944225, -7.4199695502900775, 4.528733857805503, -4.8767479649562055, 0.996710991322319]
99 0.07693111857263428 [0.004049269497055083, -0.0015384374472378805, -0.01600980813658665, -9.036132785164954, 5.581965249839203, -6.103366948660154, 0.9957391613300581]
100 0.07658745978231284 [0.0030184071462398213, -0.00411442087474752, -0.019632343853234993, -10.123443929563297, 6.164047096265058, -6.864425606356905, 0.9955299030032136]
101 0.07587353780676093 [0.004063084873225129, -0.006233456805129045, -0.026540794026077313, -13.18932621474833, 7.895276650014389, -8.957788398872244, 0.9942007022387551]
102 0.07618518453934003 [0.0020951636701115484, -0.003089235388915941, -0.021496577210722838, -11.447358352469914, 6.574135518689722, -7.2707039973212, 0.9950365446398498]
103 0.07581817413075985 [0.0032235007838761357, -0.003599807282955468, -0.023117278833574006, -12.328730728611342, 7.258860841584948, -8.311837816657706, 0.9941092154458246]
104 0.07502684762931855 [0.004129860068582925, -0.004443638125428327, -0.02942891453880834, -15.617188441484487, 9.04869807814926, -10.603621300261079, 0.9922546203541524]
105 0.07542965080031941 [0.004008086638172807, -0.0031468737424804275, -0.0246890119477007, -14.370831238867751, 8.326399859381468, -9.550708310536718, 0.9933254018484945]
106 0.0754825360668981 [0.00726849867413363, -0.004788044030355983, -0.030712690106748722, -16.436076129974897, 9.235741707051789, -10.96551712084585, 0.9924488824622827]
107 0.07477187048233554 [0.005401639328133244, -0.003979044274989137, -0.0350300382559249, -18.12276909495514, 10.338770374770611, -12.189048475858227, 0.9915343603397876]
108 0.07527559176518397 [0.006783738223200592, -0.004491327270095265, -0.04642278951916622, -23.474168867287666, 13.243788633253168, -15.84519873130924, 0.9889460448485219]
109 0.07472037719905587 [0.004376202749384757, -0.006092401349028493, -0.03669911731144858, -19.10278766287746, 10.64462616128874, -12.701195642782297, 0.9913048186205424]
110 0.07581429625934413 [0.0045396693755495945, -0.008369383299923799, -0.047043771898879545, -24.13611510173371, 13.175956617013506, -16.00010998984337, 0.9890876472657846]
111 0.07509247860998837 [0.0064321906760324244, -0.008050269070745799, -0.04187311370283992, -21.636281371602923, 12.358423206065424, -14.361013746926051, 0.9898909622001817]
112 0.0755593721843147 [0.008098997189221286, -0.007406115296271832, -0.042781617043433855, -22.40271597739037, 12.81098906323076, -15.394694001559506, 0.9892376690927778]
113 0.07571990886112026 [0.0072841937906780365, -0.004596939163242384, -0.04237763537589555, -23.293145190152536, 12.894337192825056, -15.546725486490537, 0.988655502023593]
114 0.0748973959827239 [0.00647891656131481, -0.005006068573714049, -0.03841842503844099, -20.767190446301488, 11.644572057122389, -13.899491214585963, 0.9900418020773835]
115 0.07471369271565953 [0.004888921038759, -0.005035722812008815, -0.035864577783686735, -18.6127783789163, 10.491698268029676, -12.445122059320262, 0.9914195894801651]
116 0.07480426944416496 [0.004253031408983841, -0.00526801973722841, -0.03306401592512846, -17.359988052180974, 9.846662119719, -11.652408471521689, 0.9917797194873474]
117 0.07479829713779008 [0.005404196712708591, -0.007071335209887146, -0.039286115507144254, -20.369534517240194, 11.501524683677081, -13.531104694854173, 0.990597890410362]
118 0.07495111092611187 [0.004192144693778783, -0.00461963754575446, -0.03069406462957464, -16.736809450872606, 9.485513010335103, -11.125951976659508, 0.9923151102345183]
119 0.07502862796779697 [0.005822350711759194, -0.005440222689692238, -0.03370590370909865, -17.76943189642618, 9.940183934170262, -11.833356381814076, 0.9918768505414125]
120 0.07490610945835532 [0.0062375999693030214, -0.006749258322650163, -0.03974036717744121, -20.752751820133913, 11.727807612259749, -14.047944822170901, 0.9902712438566601]
121 0.07511971265728208 [0.004219643811304944, -0.006162929077078769, -0.031619955668762946, -16.146056938812897, 9.269951405651563, -10.829492020827272, 0.9927527604296488]
122 0.07492134391788687 [0.0058301982700313965, -0.005344670256135436, -0.03953837634367207, -21.197966426515002, 11.769481677056895, -14.123960564636414, 0.9899801603220675]
123 0.07466233848411905 [0.00422973352908349, -0.006040075948220025, -0.03911884905607163, -20.55417276321281, 11.621905646505803, -13.774554541598855, 0.9903141587190625]
124 0.07482457207560965 [0.003433424937745638, -0.006340002577483918, -0.04182532172955812, -21.94654319660613, 12.462766502673574, -14.745153621491244, 0.9895328128078875]
125 0.07522511870498844 [0.0058706792142938155, -0.007266500635719394, -0.04453776940030908, -22.677470440863587, 12.686974466389735, -15.238702536736087, 0.9893041985929691]
126 0.07478065260627473 [0.004611778323907541, -0.005281353318245694, -0.03415499082225825, -18.221974698370353, 10.285878374348762, -12.154139616678652, 0.9915623823241312]
127 0.07460256608421081 [0.004559327283921245, -0.00553789938011442, -0.03749171341987918, -19.583475571064557, 11.056801957267739, -13.109838300459558, 0.9908668740996138]
128 0.07464435421343617 [0.004302968139234123, -0.006066238648624258, -0.037908983183760105, -19.828480213045136, 11.133265903897271, -13.237875092190576, 0.9908094886698023]
129 0.07472027440692938 [0.004816965120896041, -0.006555705579053585, -0.03920248228160794, -20.4618536402265, 11.561715165091444, -13.652829618226514, 0.9904560245647123]
130 0.0746292633683948 [0.004241382469033665, -0.005654047842724217, -0.036091432490600046, -18.957080407696893, 10.7342838831124, -12.713481506560269, 0.9910469391032048]
131 0.07476655594435776 [0.005233666749193256, -0.006394667135435093, -0.03942960811675642, -20.653462291673364, 11.674856629382777, -13.911249681884879, 0.9902927012878614]
132 0.07478947375805042 [0.005029965899557443, -0.00569237310217773, -0.039328612699871854, -20.876069594863907, 11.695693661781348, -13.949257553117633, 0.9901471595205649]
133 0.07469517698436778 [0.004210939111431136, -0.005329856746987242, -0.03490645684282313, -18.645491107042712, 10.553709328420453, -12.450253259129182, 0.9913146344767905]
134 0.07462461654316133 [0.003997171929811971, -0.006187195835296224, -0.03614268026912772, -18.74793497483951, 10.686174484983765, -12.579337304039466, 0.9913102178854487]
135 0.07463491436573458 [0.003440186846067221, -0.00542562428771347, -0.03510256261006351, -18.426105901791807, 10.424530904696905, -12.236798781602099, 0.9914553951460341]
136 0.0746757665758265 [0.0034635232529847734, -0.0049417054751406606, -0.03415828282477072, -18.036072342257338, 10.212762580304085, -12.090638606224912, 0.9915776063209897]
137 0.07454312722965448 [0.0038560018743221463, -0.0060566539438222655, -0.03824054425839769, -19.678315228359587, 11.123355060370395, -13.19046792163531, 0.9907941312215398]
138 0.0745278049562543 [0.0036785332557676513, -0.006420052542239777, -0.039907587966184974, -20.194727289018026, 11.408177926345365, -13.560575252888373, 0.9905338795939145]
139 0.07471584881712612 [0.004664849162135047, -0.00686719009198288, -0.040631376888282764, -20.904492549362303, 11.805849050212844, -13.970064473586286, 0.9902329517410333]
140 0.07461128307110539 [0.003763854730272342, -0.005423076629351216, -0.03577655634064873, -18.753177394033575, 10.611034197781274, -12.560495073065256, 0.9912414426760006]
141 0.07456321051215811 [0.004118930269844449, -0.005978975961177099, -0.03869965069303208, -19.889101430041293, 11.232489941806554, -13.335206776673965, 0.9907003768467642]
142 0.07454058987960581 [0.0038378525927898113, -0.006303624188768, -0.038025134117656345, -19.47133113192877, 11.047176205664565, -13.06995627846392, 0.9909220487396816]
143 0.0745491148192056 [0.003959957862400658, -0.006037050192481998, -0.03799951022839251, -19.575903848357463, 11.071230904728884, -13.137028379724322, 0.9907904093485597]
144 0.07453611873039762 [0.003559360050917436, -0.005922838414976624, -0.037505075288124246, -19.310416595404917, 10.916354415521134, -12.898687017245235, 0.9909946373699743]
145 0.07458548195690534 [0.003990750697500887, -0.006243145595432018, -0.03890828557497254, -20.011603751031583, 11.270721915121317, -13.399225172539476, 0.9906716841318584]
146 0.0745880653109189 [0.003954133392425571, -0.006230064245229901, -0.0395132185111283, -20.37445002611542, 11.515041786425584, -13.667564897243613, 0.9904240191564885]
147 0.07454715090646545 [0.0035710282543762123, -0.0056808790086902185, -0.03703293539547785, -19.11539981563768, 10.810470253324725, -12.825606929556644, 0.991055742957452]
148 0.07456200844707526 [0.003679127460030745, -0.005937526012988881, -0.03708054699282614, -18.93083107714736, 10.701135802863712, -12.682802476211227, 0.9911956319829986]
149 0.07453059328383667 [0.0035534749442496724, -0.0058371247820887245, -0.0371632689055115, -18.984885159692848, 10.782716784951521, -12.746450001964437, 0.991097666393669]
150 0.07453250373107367 [0.0032637367074504608, -0.006060765508032678, -0.036932937562446075, -18.8490399748693, 10.692442142021994, -12.642252176484368, 0.9911824849778783]
151 0.07451433732870254 [0.0035848564450983687, -0.006137426740519127, -0.03850986713968629, -19.783941441398074, 11.221312377867196, -13.283070677025146, 0.9906834735544667]
152 0.07452543428299524 [0.0035377209376321805, -0.006237377104284249, -0.03922452721311636, -20.21049662352343, 11.481400665368938, -13.583204777432107, 0.9904273943402007]
153 0.07448245139443029 [0.0031833869213660345, -0.006095138821540939, -0.037940908756898165, -19.320180891663952, 10.968408636184902, -12.956323744285699, 0.9909849776150887]
154 0.0744551992144844 [0.002795101450848723, -0.00612418313607041, -0.03791160802115099, -19.192319413317197, 10.916997501912912, -12.86597142656639, 0.9910822617483532]
155 0.07448358338065236 [0.003350623156954056, -0.006577968327441343, -0.03915853291143373, -19.802661952292173, 11.259605644328541, -13.27927790788474, 0.9907272208035967]
156 0.07444560008522068 [0.002944590408301668, -0.006033607186984516, -0.03849016241604876, -19.541396584676345, 11.083593817321265, -13.094734738811978, 0.9908052498967717]
157 0.07441700999643827 [0.0024979593160575964, -0.005898598686092774, -0.038722676565244966, -19.576429311050134, 11.101802623149615, -13.107123968986006, 0.9907468504753167]
158 0.07443066422413272 [0.002919825597356947, -0.006407467323951935, -0.03935810732475821, -19.778314754241688, 11.267400809644261, -13.325557414813742, 0.9906618650108626]
159 0.07446138238254538 [0.003117188623654347, -0.006368597892587098, -0.04062315069681127, -20.50519845459799, 11.655586988178335, -13.777222323668717, 0.990325268840954]
160 0.07445932360712917 [0.0027027971523993282, -0.006744088078673443, -0.041381357008402925, -20.803728496890194, 11.81470383188504, -13.96753087581844, 0.9901894024101019]
161 0.07440398022440851 [0.002298957097061829, -0.0062537419003605805, -0.03905811481693458, -19.767886712671345, 11.305392949216818, -13.269678660017385, 0.9906547671573385]
162 0.07440909151680576 [0.0016091690177089178, -0.006170586579420982, -0.038633378242309384, -19.554466424498003, 11.254000460652543, -13.124230363581892, 0.9907152109390506]
163 0.07435636361319133 [0.00188875458093351, -0.006417334331212317, -0.03957227586405835, -19.56468017844439, 11.167198723131415, -13.1159135886593, 0.9908434857250092]
164 0.07432987860501276 [0.0010642714025841746, -0.006507312944676351, -0.039746150189529345, -19.24177195590487, 11.010097752012655, -12.882267994272897, 0.9910515314174135]
165 0.0743599090908412 [0.0014226090032202383, -0.006056555855836655, -0.03980616081662544, -19.812260564993565, 11.317705774938707, -13.30640905431757, 0.9906363194369903]
166 0.07438122980020656 [0.0011718779306816316, -0.006176771423047917, -0.038108117351194806, -18.911741808515057, 10.825186941591873, -12.673946561576123, 0.9911271429984998]
167 0.07447637939957756 [0.001148863910017308, -0.005639190763925708, -0.036414699708972265, -18.07264414097281, 10.383350986372832, -12.114042491071446, 0.9915309353117514]
168 0.07439473323844323 [0.002314313841803823, -0.0064678637499865094, -0.04013969268354526, -20.12095740791085, 11.456865620506989, -13.504158779631691, 0.9905247856355143]
169 0.07433641260648888 [0.0012434402029022065, -0.006281934400256503, -0.03977615550307739, -19.527016260449216, 11.16390176347568, -13.094338524295235, 0.9908439254272018]
170 0.074350910690098 [0.0011180746666329031, -0.006342042183862135, -0.038927133770362075, -19.076756882209963, 10.917642346802264, -12.77810727792451, 0.9910893372079567]
171 0.07434424545332383 [0.0013367202101465462, -0.006338949762048667, -0.03918976421591937, -19.398119190201438, 11.1320491063326, -13.003249178927394, 0.9908833711782321]
172 0.07436299131125586 [0.0017811153593208855, -0.006202955815384563, -0.03923441337738716, -19.4091006334775, 11.055950187581134, -12.99469598162945, 0.9908991909463651]
173 0.0743593770660773 [0.0019920484999705608, -0.0064573901343141435, -0.03955212875714378, -19.510043355073282, 11.138749280828458, -13.103912704543319, 0.990856698214138]
174 0.0743711164790303 [0.0019296864267164488, -0.006315748040373381, -0.038828879105340164, -19.217045684611033, 10.963547626962782, -12.874119710419643, 0.9910668965828833]
175 0.07435297070151989 [0.0018835342774917514, -0.006625700511674897, -0.040563753598966135, -20.022750226397534, 11.412400791948848, -13.424899435045667, 0.9906204669137576]
176 0.07430734973082159 [0.0010472291787261307, -0.006471762174545833, -0.04031097786962705, -19.69311388787862, 11.273821295603398, -13.206300602905632, 0.990717252361421]
177 0.07426802245501472 [0.0006060005547309716, -0.006549769241632059, -0.04105202725177049, -19.931147989512414, 11.428958129923705, -13.372391049148627, 0.99054243025069]
178 0.07429357608747648 [0.0008600531590960043, -0.006683643949891082, -0.04042476184740387, -19.650215326450706, 11.28799243279721, -13.193637208129882, 0.9907830263706036]
179 0.07429479789184236 [0.00032569277819645545, -0.006493853578269197, -0.040356370207721544, -19.589321739534192, 11.24783424011239, -13.110056057669311, 0.9908044700046776]
180 0.07432387304043675 [-1.0890570551962174e-05, -0.006287872648506814, -0.03928549296840074, -18.952778157677553, 10.927163714181583, -12.699114076488005, 0.9910932736167496]
181 0.07426257030864325 [0.0004320075439683531, -0.006556053966218058, -0.04102450113930157, -19.86334900914158, 11.42464255000797, -13.323336747484449, 0.9906255280107772]
182 0.07420232680508893 [8.897398263607809e-05, -0.0066630598573960195, -0.042073184823771315, -20.25664507260739, 11.678142651610825, -13.595951482264418, 0.9903936234121874]
183 0.07423255725972414 [-0.000143136921691138, -0.006651749272416484, -0.04158570515313055, -19.787279810408943, 11.366262517699987, -13.267538361720716, 0.9906915661073459]
184 0.07421576228255083 [-0.0004460218071877538, -0.0068144260262543565, -0.04151632805170198, -19.73274375443537, 11.392227218906708, -13.225934684188722, 0.9906874806241319]
185 0.07421421796335079 [-0.0006983653525188445, -0.006676794076571082, -0.04205209846872793, -20.15826571570272, 11.65521107805375, -13.536195697044153, 0.9903758601215534]
186 0.0742110722368131 [0.00018037525434104023, -0.007007354780758979, -0.043303214404235735, -20.791684530508658, 11.946158648419722, -13.958515792130804, 0.9901291426378759]
187 0.07417802388665545 [-0.00019772738693749604, -0.006948088480279389, -0.04307429264963326, -20.498673174644715, 11.825009382005296, -13.78999087793849, 0.990224995573719]
188 0.074190899012334 [-0.0004594374695044718, -0.007175205931284485, -0.044433253870589114, -20.953348892199976, 12.11359695295175, -14.12995828807308, 0.9899352583582397]
189 0.07420063271282311 [-0.0011090850902943238, -0.006898744389055623, -0.04415118444514672, -20.810103463656574, 12.020738195078916, -13.973930036033122, 0.9900042197756889]
190 0.07418062852647808 [-0.0013450569559365186, -0.007132326282292806, -0.04440939252460189, -20.780300936064627, 12.048852516568198, -13.96704447698138, 0.9900910414741739]
191 0.07419564466482723 [-0.0023205857112702636, -0.007423604802623179, -0.04608807516101759, -21.20487740934073, 12.358799709890445, -14.264371190897757, 0.9898653470859159]
192 0.07419810140382878 [-0.0009393252035845175, -0.007167653968615902, -0.044682482443662214, -21.207889436784, 12.306573842754261, -14.271756054483763, 0.9897703271508973]
193 0.0742486148262042 [-0.0007773841456298339, -0.007105899484024184, -0.04565647508565085, -21.68389568771433, 12.541851034075412, -14.612165837814345, 0.9895123687846155]
194 0.07417438900041612 [-0.0005288623917982739, -0.006887294390696814, -0.0425513648101892, -20.22053173775511, 11.679633172698885, -13.572492472595126, 0.9903937026642528]
195 0.07418737112975764 [-0.0004766111829500089, -0.0073036743806005255, -0.045263352194756704, -21.276164018461948, 12.285844916255554, -14.312275332259185, 0.9898290871565371]
196 0.07418034870641284 [-0.0015430622004644792, -0.007057776419224499, -0.04457227562796916, -20.781167914499804, 12.091950565271246, -13.991029391494925, 0.9899900745026894]
197 0.07420545284551404 [-0.0019179569810739618, -0.007514847503109882, -0.0465163311524901, -21.466071041513192, 12.478197394554554, -14.4664731039986, 0.9896102940399496]
198 0.07417969129794486 [-0.0004127587582914319, -0.0068760067688244855, -0.04318397140595101, -20.55900156483384, 11.878156337346757, -13.813581887697962, 0.990197791069128]
199 0.0741739728289254 [-0.0010359622961313764, -0.006972535404960656, -0.04356182021907918, -20.500849826127457, 11.885791868985065, -13.781760932045026, 0.9901918885834711]
200 0.0741721190773957 [-0.0009369596738673962, -0.0070098103364948094, -0.04348037866739554, -20.50041633690987, 11.86424284463354, -13.769768474788252, 0.9902423720692134]
201 0.07417861639867333 [-0.0005027367873741414, -0.00709548438564867, -0.04390735850247295, -20.74834787810853, 11.982739044477219, -13.942383902427158, 0.9901113949103948]
202 0.07417493667708831 [-0.0004941499306513728, -0.007031250160990649, -0.043492309340389154, -20.586940314977543, 11.896615062825317, -13.851225380334103, 0.9901644805112462]
203 0.07418405678328767 [-0.0007340937976913957, -0.007027474179656358, -0.04361692362692571, -20.714210587269555, 11.993103507726573, -13.922124263539445, 0.9900820149075751]
204 0.07418072886536964 [-0.0008189737410462988, -0.006893019389876218, -0.04335127462766796, -20.51531760070584, 11.8501856838889, -13.773211254314123, 0.9901989612199709]
205 0.07418298846498333 [-0.0002199442045810979, -0.006775177124046417, -0.04231227481698026, -20.23858840518125, 11.678887912154854, -13.584221977429772, 0.9903936630382202]
206 0.07417315538104816 [-0.0005623602095800209, -0.006876689018261996, -0.042856442368552655, -20.231787155520614, 11.674923803605935, -13.585036991870144, 0.9904026888057873]
207 0.07417494863862074 [-0.0011743429469757254, -0.007157989472219244, -0.0443165676218045, -20.70546612342017, 11.988006796735108, -13.923172139248496, 0.9900936194658762]
208 0.0741721190773957 [-0.0009369596738673962, -0.0070098103364948094, -0.04348037866739554, -20.50041633690987, 11.86424284463354, -13.769768474788252, 0.9902423720692134]